Ticker,MMBuy,MMSell,AI1-Average,AI1-AskAmt,AI1-AskPrice,AI1-AskAvail,AI1-BidAmt,AI1-BidPrice,AI1-BidAvail,CI1-Average,CI1-AskAmt,CI1-AskPrice,CI1-AskAvail,CI1-BidAmt,CI1-BidPrice,CI1-BidAvail,CI2-Average,CI2-AskAmt,CI2-AskPrice,CI2-AskAvail,CI2-BidAmt,CI2-BidPrice,CI2-BidAvail,NC1-Average,NC1-AskAmt,NC1-AskPrice,NC1-AskAvail,NC1-BidAmt,NC1-BidPrice,NC1-BidAvail,NC2-Average,NC2-AskAmt,NC2-AskPrice,NC2-AskAvail,NC2-BidAmt,NC2-BidPrice,NC2-BidAvail,IC1-Average,IC1-AskAmt,IC1-AskPrice,IC1-AskAvail,IC1-BidAmt,IC1-BidPrice,IC1-BidAvail
AAR,,,16000,,,0,2,15000,9,11000,,,0,20,4500.009765625,20,6839.64013671875,,,0,,,0,15000,2,15000,8,20,7500,50,6839.64013671875,,,0,,,0,18000,,,0,,,0
ABH,,,80000,253,80000,253,6,50000.01171875,16,52000,12,60000,12,6,52000,51,24309.869140625,,,0,,,0,40000.0390625,7,49000,8,2,40000.0390625,12,24309.869140625,,,0,,,0,55000,2,59000,17,,,0
ACS,,,250000,4,250000,4,,,0,75144.5390625,,,0,,,0,75144.5390625,,,0,,,0,300000,,,0,,,0,75144.5390625,,,0,,,0,75144.5390625,,,0,,,0
ADE,,,54839,6,54819,237,6,45000.01171875,16,38000,2,54790,32,4,40000,4,21448.439453125,,,0,,,0,50000,3,90000,4,32,50000,52,21448.439453125,,,0,,,0,65000,8,65000,15,2,25000,2
ADR,48000,,50000,2,50000,4,20,48001,120,48001,5,50000,5,7,48001,107,29454.05078125,,,0,,,0,48001,,,0,6,48001,106,29454.05078125,,,0,,,0,50000,,,0,1,50000,101
ADS,,,110000,1,200000,1,10,125000,10,200000,1,200000,1,10,125000,10,55441.69921875,,,0,,,0,150000,,,0,10,125000,10,55441.69921875,,,0,,,0,102500,,,0,,,0
AEF,,,3100,149,5000,149,74,3200,514,2800,5,3239,118,15,2500,105,1800,,,0,,,0,3399,5,3000,1131,22,2450,25,2124.820068359375,30,2600,30,,,0,3438.969970703125,141,3450,141,20,2400,37
AEN,,,978596.25,,,0,,,0,978596.25,,,0,,,0,978596.25,,,0,,,0,978596.25,1,750000,1,,,0,978596.25,,,0,,,0,978596.25,,,0,,,0
AFP,,,134854.125,,,0,,,0,134854.125,,,0,,,0,134854.125,,,0,,,0,134854.125,,,0,,,0,134854.125,,,0,,,0,134854.125,,,0,,,0
AFR,,,7837.64013671875,,,0,,,0,5000,,,0,,,0,7837.64013671875,,,0,,,0,20000,11,20000,11,,,0,7837.64013671875,,,0,,,0,7837.64013671875,5,19594,5,,,0
AGS,,,221720.1875,,,0,1,250000,1,221720.1875,,,0,1,250000,1,221720.1875,,,0,,,0,250000,2,300000,2,,,0,221720.1875,,,0,,,0,221720.1875,,,0,,,0
AHP,,,5000,6,5000,6,,,0,5566.330078125,,,0,,,0,5566.330078125,,,0,,,0,5566.330078125,2,8000,132,,,0,5566.330078125,,,0,,,0,5566.330078125,,,0,,,0
AIR,185000,,91614.84375,,,0,100,185000,100,91614.84375,,,0,100,185000,100,91614.84375,,,0,,,0,185000,,,0,100,185000,100,91614.84375,,,0,,,0,185000,,,0,100,185000,100
AL,,,455,128,455,3565,18,452,5480,628,200,628,625,100,510.010009765625,620,275,103,500,103,231,27.5,231,531.6099853515625,60,590,7907,44,531,3418,399,114,620,133,355,400,355,500.010009765625,24,519,2852,54,500.010009765625,1296
ALE,,,1550,86,1550,1049,200,900,1750,1700,13,1700,58,22,1451,195,750,,,0,,,0,1995,90,1995,283,36,1250,1034,1250,100,900,226,,,0,1400,38,1600,781,100,1202,1472
ALG,80,,135,,,0,63,120,967,140,75,119,275,500,110,1160,85,,,0,1000,90,1000,115.0199966430664,115,160,1065,456,115.0199966430664,1816,133.72999572753906,,,0,,,0,140,,,0,28,103,1228
ALO,42,,51,69,78.9800033569336,4796,42,51,8643,85.54000091552734,127,120,2695,200,86,1696,50,,,0,,,0,124,1481,100,13509,236,95.0999984741211,1929,70,,,0,,,0,80.0199966430664,148,90,6541,280,80.0199966430664,1727
AMM,61,,200,10,200,1470,200,130.00999450683594,1787,83.06999969482422,899,111.11000061035156,9158,824,80,1204,150,100,150,100,655,61.0099983215332,655,130,831,130,6456,200,107.5,1779,110,20,120,89,,,0,119.98999786376953,66,119.98999786376953,9457,100,81,1200
ANZ,,,70833.640625,,,0,,,0,70833.640625,,,0,,,0,70833.640625,,,0,,,0,70833.640625,,,0,,,0,70833.640625,,,0,,,0,70833.640625,,,0,,,0
APT,,,8370.4501953125,,,0,,,0,8370.4501953125,,,0,,,0,8370.4501953125,,,0,,,0,8370.4501953125,82,20000,82,,,0,8370.4501953125,,,0,,,0,8370.4501953125,,,0,,,0
AR,,,148,107,148,2080,100,110,1109,109,405,109,5047,465,85,1566,285.7099914550781,,,0,,,0,169,190,169,4311,300,110,2408,300,600,270,650,,,0,300,159,310,413,40,83.01000213623047,140
ARP,,,5869.1201171875,,,0,,,0,5869.1201171875,,,0,,,0,5869.1201171875,,,0,,,0,5869.1201171875,32,14169.1201171875,32,,,0,5869.1201171875,,,0,,,0,5869.1201171875,,,0,,,0
ASE,,,75000,8,71000,178,4,50000.01171875,14,54886.6484375,3,54884,39,3,41000,33,19715.48046875,,,0,,,0,46000,2,100000,2,5,46000,38,19715.48046875,,,0,,,0,52000,3,75000,3,,,0
AST,,,1800,89,1800,89,100,1250,200,2100,,,0,,,0,1629.8599853515625,,,0,,,0,2500,346,2400,541,10,1500,10,1629.8599853515625,,,0,,,0,1629.8599853515625,20,2200,20,,,0
ATA,,,38900,1,38900,119,2,35000.03125,31,38000,9,40000,9,11,21000,22,15057.51953125,,,0,,,0,32001,5,43995,34,4,32000.029296875,24,15057.51953125,,,0,,,0,49000,3,49000,3,,,0
ATP,,,12416.009765625,,,0,,,0,12416.009765625,,,0,,,0,12416.009765625,,,0,,,0,12416.009765625,52,12416.009765625,72,,,0,12416.009765625,,,0,,,0,12416.009765625,,,0,,,0
AU,,,1000,23,1000,154,50,750,86,1222,4,3000,4,,,0,627.3300170898438,,,0,,,0,2329.969970703125,25,2400,77,,,0,627.3300170898438,,,0,,,0,1636.3599853515625,5,1650,15,,,0
AUO,137,,290.010009765625,,,0,200,250,1476,423.95001220703125,,,0,200,202,999,108.2699966430664,,,0,,,0,172.86000061035156,475,350,1081,2479,160,3579,108.2699966430664,,,0,,,0,250,3,249,3,85,170.02000427246094,505
AWF,,,3000,,,0,,,0,6000,,,0,,,0,2969.239990234375,,,0,,,0,2000,,,0,2,2000,2,2969.239990234375,,,0,,,0,2969.239990234375,14,6200,14,,,0
AWH,,,10563.259765625,,,0,,,0,10563.259765625,,,0,,,0,10563.259765625,,,0,,,0,10563.259765625,24,26000,120,,,0,10563.259765625,,,0,,,0,10563.259765625,,,0,,,0
BAC,,,1000,,,0,,,0,3000,2,2785.719970703125,22,26,750,26,1288.9000244140625,,,0,,,0,1997,10,1990,415,10,1000,10,1288.9000244140625,,,0,,,0,2000,4,2000,4,80,800,80
BAI,,,6845.89990234375,1,12000,1,,,0,13000,8,13000,8,,,0,6845.89990234375,,,0,,,0,10000,15,10000,53,,,0,6845.89990234375,,,0,,,0,6845.89990234375,,,0,,,0
BBH,750,2400,1714.25,61,1725,1119,1,1590.010009765625,255,1875,1,1875,545,4,1301,330,1700,4,1700,4,,,0,1985.969970703125,19,1985.969970703125,409,50,1650,2512,1200,3,1200,288,,,0,2097,20,2096.989990234375,840,10,1800.010009765625,607
BCO,,,500,20,475,1170,190,300,1690,380,90,1119.260009765625,1620,30,380,10030,304.3599853515625,,,0,,,0,428.95001220703125,350,435,350,400,350,400,304.3599853515625,,,0,,,0,474.989990234375,,,0,,,0
BDE,,,1859,20,1858.989990234375,521,10,1690.010009765625,672,1444.43994140625,25,1444.43994140625,1524,8,1201,601,1550,22,1550,22,,,0,1449.8900146484375,4,1445,1245,2,1265.010009765625,1821,1200,5,1200,327,,,0,1597,36,1597,625,10,1351.010009765625,643
BE,,,3188.669921875,3,3275,205,3,1800,133,2950,104,2950,104,4,2100,8,1194,,,0,,,0,2600,8,3700,1650,,,0,1194,,,0,,,0,2749.989990234375,75,2749.989990234375,260,,,0
BEA,,,120,104,155,366,369,120,1127,90,2,119.94999694824219,115,300,90,855,84,,,0,,,0,138,110,138,116,437,120.25,2142,100,100,100,100,24,90,24,111,21,129.97999572753906,559,40,111.01000213623047,1703
BER,,,420,882,420,1293,100,300,304,325,300,1250,300,99,325,243,20,,,0,,,0,400,1505,400,6105,100,200,100,117.55000305175781,,,0,,,0,400,516,400,1602,100,280,310
BFP,,,20238.900390625,,,0,,,0,20238.900390625,,,0,,,0,20238.900390625,,,0,,,0,20238.900390625,,,0,,,0,20238.900390625,,,0,,,0,20238.900390625,,,0,,,0
BFR,,,1500,,,0,24,1500,24,1500,132,1500,132,,,0,2539.510009765625,,,0,,,0,1999.989990234375,1,1950,4,,,0,2539.510009765625,,,0,,,0,3000,1,2900,6,,,0
BGC,,,450,30,480,140,170,450,1170,380,99,550,99,70,380,270,324.989990234375,,,0,,,0,435,720,1000,790,100,390,310,324.989990234375,,,0,,,0,688.8599853515625,90,666.6599731445312,430,,,0
BGO,,,1100,20,1800,342,11,1100,114,1250,10,3500,10,20,1250,20,766.97998046875,,,0,,,0,1000,20,950,309,,,0,766.97998046875,,,0,,,0,1500,3,3588.530029296875,13,,,0
BGS,,,88306.3984375,,,0,1,60000,1,63000,,,0,,,0,88306.3984375,,,0,,,0,60000,,,0,1,60000,1,88306.3984375,,,0,,,0,88306.3984375,,,0,1,60000,1
BHP,,,2200,27,2750,167,2,2200,142,3000,7,2999,15,2,2102,22,1500,,,0,,,0,2351.669921875,50,3550,1383,3,1950,26,1600,,,0,10,1600,10,3000,25,4500,145,32,3000,148
BID,,,25000,,,0,,,0,24566.470703125,,,0,,,0,24566.470703125,,,0,,,0,40000,,,0,,,0,24566.470703125,,,0,,,0,24566.470703125,,,0,,,0
BL,,,8000,20,12000,20,,,0,4375,2,10937.5,2,6,2800,16,3004.719970703125,,,0,,,0,6500,,,0,12,5000,72,3004.719970703125,,,0,,,0,5000,,,0,20,4001,20
BLE,,,1990,12,1990,19,,,0,900,27,1700,43,10,900.010009765625,17,1821.280029296875,,,0,,,0,1100,34,1500,59,4,900,4,1821.280029296875,,,0,,,0,700,2,1100,8,20,500,20
BMF,,,20000,2,21000,7,3,17000,4,25000,,,0,4,10000,4,11077.5703125,,,0,,,0,26012.7890625,,,0,2,22000,6,11077.5703125,,,0,,,0,15000,,,0,,,0
BND,,,274.30999755859375,,,0,,,0,274.30999755859375,,,0,,,0,274.30999755859375,,,0,,,0,400,,,0,,,0,274.30999755859375,,,0,,,0,274.30999755859375,40,600,200,,,0
BOR,,,350,190,350,204,10,280,122,350,103,350,395,20,290,495,117.55000305175781,,,0,,,0,495,32,495,743,50,365,710,75,729,10000,1185,50,130,250,250,12,344,12,100,150,200
BOS,,,6000,,,0,,,0,5500,4,4750,24,,,0,1914.6800537109375,,,0,,,0,3750,2,4800,151,120,1500,120,1914.6800537109375,,,0,,,0,1914.6800537109375,,,0,,,0
BPT,,,2656.85009765625,,,0,,,0,2656.85009765625,,,0,,,0,2656.85009765625,,,0,,,0,3000,,,0,5,3500,8,2656.85009765625,,,0,,,0,3000,,,0,3,3000,3
BR1,,,500000,,,0,,,0,470000,,,0,1,470000,1,255340.484375,,,0,,,0,625000,1,650000,1,1,375000,1,255340.484375,,,0,,,0,450000,,,0,,,0
BR2,,,343143.09375,,,0,,,0,343143.09375,,,0,,,0,343143.09375,,,0,,,0,343143.09375,1,857857.75,3,,,0,343143.09375,,,0,,,0,343143.09375,,,0,,,0
BRM,,,86,509,135,1622,35,86,35,150,,,0,64,150,743,51.43000030517578,200,110,546,,,0,173.6699981689453,29,179,259,100,110,904,40,177,100,378,400,40,400,100,150,100,1186,80,90,280
BRO,,,2200,4,2200,4,50,1000,75,1200,,,0,19,1200,19,836.489990234375,,,0,,,0,1950,71,8871.83984375,71,500,1500,500,836.489990234375,,,0,,,0,1800,5,1800,67,,,0
BRP,,,3225.530029296875,,,0,,,0,3225.530029296875,,,0,,,0,3225.530029296875,,,0,,,0,3225.530029296875,,,0,,,0,3225.530029296875,,,0,,,0,3225.530029296875,,,0,,,0
BRS,,,250000,,,0,1,200000,1,190000,,,0,,,0,127983.546875,,,0,,,0,167000,,,0,1,300000,1,127983.546875,,,0,,,0,100000,,,0,,,0
BSC,,,28500,,,0,,,0,14624.330078125,,,0,5,15000,5,14624.330078125,,,0,,,0,19000,18,19000,18,4,16000,10,14624.330078125,,,0,,,0,14624.330078125,,,0,,,0
BSE,475,1550,1446.8699951171875,46,1448,2935,4,1400,5787,1444.43994140625,28,1444.43994140625,299,16,1203,381,1500,,,0,2,1200,32,1489.949951171875,4,1489.949951171875,5691,10,1302.010009765625,2637,1025.239990234375,20,1050,270,20,500,20,1449.97998046875,522,1449.97998046875,4826,68,1311,928
BTA,500,1600,1250,131,1250,235,1,1000,524,1220,6,1220,299,1,980,197,500,,,0,,,0,960,21,970,775,21,800.010009765625,426,890,18,890,225,,,0,999.97998046875,12,999.97998046875,330,8,812,174
BTS,,,430,,,0,100,500,330,475,12,475,1946,100,310,100,100.3499984741211,,,0,,,0,450,505,450,3823,1000,400,1010,100.3499984741211,,,0,,,0,400,100,1500,100,50,400,50
BWH,,,5000,,,0,,,0,3769.89990234375,,,0,,,0,3769.89990234375,,,0,,,0,5000,8,4950,8,,,0,3769.89990234375,,,0,,,0,3769.89990234375,,,0,,,0
BWS,,,20000,5,20000,14,5,11000,15,30000,,,0,1,20000,8,8697.1298828125,,,0,,,0,33000,,,0,10,20000,20,8697.1298828125,,,0,,,0,20000,,,0,4,20000,4
C,225,,390.5,106,399.989990234375,5267,9,390.5,2145,397.9700012207031,133,398,14312,200,371.010009765625,4029,350,36,350,36,,,0,418.989990234375,192,417,6078,200,402.010009765625,5094,350,92,500,122,,,0,333.0199890136719,222,339.989990234375,5341,141,333.0299987792969,4811
CA,,,600,2,600,2,100,50,100,240.00999450683594,5,392.989990234375,215,100,240,135,1008.4000244140625,,,0,,,0,399.989990234375,7,390,56,3,125,53,1008.4000244140625,,,0,,,0,595.8099975585938,,,0,5,50,5
CAF,,,660,12,675,266,30,550,150,588.8800048828125,41,588.8800048828125,996,3,503,339,780,,,0,10,780,10,745,30,680,1716,50,603.02001953125,990,782.97998046875,,,0,4,800,4,829.989990234375,175,829.989990234375,6226,10,701,560
CAP,,,126.45999908447266,15,120,1533,,,0,150,,,0,,,0,143.9499969482422,,,0,,,0,108,145,130,178,240,100,240,143.9499969482422,,,0,,,0,195,15,195,295,,,0
CBL,87000,,88000,7,110000,20,2,87002,119,87001,1,90999,10,1,87001,101,43824.359375,,,0,,,0,88000,2,88000,12,100,87000,100,43824.359375,,,0,,,0,87000,5,98500,8,100,87000,100
CBM,60000,,70000,2,70000,20,10,60001,110,60000,2,65000,8,100,60000,100,29642.349609375,,,0,,,0,60000,84,100000,84,100,60000,100,29642.349609375,,,0,,,0,60000,2,65000,4,100,60000,100
CBS,,,40001,10,42000,27,9,40001,109,40000,6,46000,15,100,40000,100,17970.41015625,,,0,,,0,40000,93,65000,93,100,40000,100,17970.41015625,,,0,,,0,40000,1,41000,3,100,40000,100
CC,,,332495.9375,,,0,100,300000,100,332495.9375,,,0,100,300000,100,332495.9375,,,0,,,0,300000,,,0,100,300000,100,332495.9375,,,0,,,0,332495.9375,,,0,100,300000,100
CCD,55000,,55000,,,0,100,55000,100,55000,1,59999.98828125,12,10,55001,110,27535.919921875,,,0,,,0,55000,,,0,100,55000,100,27535.919921875,,,0,,,0,55000,,,0,100,55000,100
CD,,,7000,,,0,,,0,12000,,,0,,,0,7735.06005859375,,,0,,,0,1000,1,4000,1,,,0,7735.06005859375,,,0,,,0,7735.06005859375,,,0,,,0
CF,,,2750,,,0,179,3000,179,3000,4,3000,4,,,0,3377.47998046875,,,0,,,0,2949,75,2949,134,,,0,3377.47998046875,,,0,,,0,2000,3,4097,30,23,2000,23
CHA,,,21056.5703125,,,0,,,0,12000,,,0,,,0,21056.5703125,,,0,,,0,30000,,,0,,,0,21056.5703125,,,0,,,0,12500,,,0,,,0
CL,,,2000,,,0,100,2000,135,2022.010009765625,14,3792.43994140625,181,81,2019.280029296875,166,2212.429931640625,,,0,,,0,2975.969970703125,9,3000,9,23,2300,328,1650,100,1650,100,25,1300,25,1600,15,2800,143,30,1600,30
CLI,51,,81,711,250,738,200,100,698,75,13,75,990,56,52,1219,51.43000030517578,,,0,,,0,148,37,147.8800048828125,2413,250,100,1002,150,,,0,143,150,143,68.01000213623047,326,95.98999786376953,1491,300,68.01000213623047,581
COF,,,479,139,479,10436,60,425,1489,450,151,450,17043,478,391.0199890136719,1867,395,,,0,,,0,360,658,409.45001220703125,24956,3,360,163,499,4264,499,4264,33,400,113,374.989990234375,13,375,29996,500,334,2554
COM,,,175000,,,0,10,100000,10,300000,1,300000,1,10,100000,10,37644.23046875,,,0,,,0,120000,,,0,10,100000,13,37644.23046875,,,0,,,0,37644.23046875,,,0,,,0
COT,,,1990,10,1750,291,50,1501,102,1270,11,1449.989990234375,309,50,1307,456,1698.0400390625,10,1500,10,,,0,1850,7,1850,134,6,1800,49,2000,,,0,,,0,1010,40,1720,100,57,1010,60
CQL,,,1000000,,,0,,,0,641697.3125,,,0,,,0,641697.3125,,,0,,,0,641697.3125,,,0,,,0,641697.3125,,,0,,,0,641697.3125,,,0,,,0
CQM,,,1000000,,,0,,,0,700000,1,700000,2,,,0,486497.15625,,,0,,,0,750000,1,750000,1,,,0,486497.15625,,,0,,,0,860000,,,0,,,0
CQS,,,780000,1,780000,1,,,0,780000,,,0,,,0,381973.59375,,,0,,,0,675000,1,675000,2,,,0,381973.59375,,,0,,,0,780000,,,0,,,0
CQT,,,170000,,,0,,,0,150000,,,0,,,0,109265.2421875,,,0,,,0,150000,,,0,,,0,109265.2421875,,,0,,,0,48000,,,0,,,0
CRU,150000,,140199.15625,,,0,100,150000,100,140199.15625,,,0,100,150000,100,140199.15625,,,0,,,0,140199.15625,,,0,100,150000,100,140199.15625,,,0,,,0,140199.15625,,,0,100,150000,100
CST,,,2942.81005859375,,,0,,,0,480,,,0,,,0,2942.81005859375,,,0,,,0,50,,,0,,,0,2942.81005859375,,,0,,,0,2942.81005859375,10,2442,19,,,0
CTF,,,16000,,,0,15,11000,15,24000,,,0,12,20000,12,10124.5595703125,,,0,,,0,20000,123,20000,123,,,0,10124.5595703125,,,0,,,0,44000,5,49069,20,,,0
CU,,,1400,32,1400,84,50,1100,121,1800,60,1800,60,25,990,75,560.739990234375,,,0,,,0,1400,107,1500,201,50,1250,175,560.739990234375,,,0,,,0,900,150,2300,150,40,900,50
CUO,63,,239,1062,239,3700,20,188,1660,747.3699951171875,300,450,1290,200,220.60000610351562,529,63.29999923706055,,,0,,,0,620.280029296875,124,600,582,50,325,828,63.29999923706055,1,63.29999923706055,768,,,0,250,26,330,850,200,115.01000213623047,640
DA,,,30000,,,0,,,0,39000,2,40000,3,,,0,26241.5703125,,,0,,,0,44000,16,39500,50,,,0,26241.5703125,,,0,,,0,26241.5703125,1,60000,1,,,0
DCH,,,9000,,,0,,,0,8802.490234375,37,13000,37,,,0,8802.490234375,,,0,,,0,8802.490234375,,,0,,,0,8802.490234375,,,0,,,0,8802.490234375,3,10000,3,,,0
DCL,,,2400,,,0,10,2400,10,3472.8798828125,2,3400,12,,,0,3538.300048828125,,,0,,,0,2500,,,0,,,0,3538.300048828125,,,0,,,0,4000,,,0,,,0
DCM,,,2700,,,0,100,1800,100,1500,,,0,36,1400,36,2267.81005859375,,,0,,,0,2500,81,1800,81,12,900,12,2267.81005859375,,,0,,,0,2000,,,0,,,0
DCS,,,595,,,0,80,400,80,1000,20,1000,220,80,420,342,861.1300048828125,,,0,,,0,1000,,,0,12,700,12,861.1300048828125,,,0,,,0,800,,,0,,,0
DD,,,26708.400390625,,,0,,,0,18500,5,18500,6,,,0,26708.400390625,,,0,,,0,26708.400390625,2,30000,2,,,0,26708.400390625,,,0,,,0,26708.400390625,,,0,,,0
DDT,,,2830.8798828125,,,0,22,2222.219970703125,76,2720.659912109375,11,2750,32,100,1900,484,2318.090087890625,,,0,,,0,2650,31,2650,679,24,2401,240,2250,39,2500,81,,,0,3000,26,3000,26,50,2450,163
DEC,,,10000,,,0,20,7001,21,9900,,,0,18,8000,18,9479.2001953125,,,0,,,0,11000.009765625,4,21000,64,200,13500,302,9479.2001953125,,,0,,,0,15595.509765625,2,15900,2,,,0
DIS,,,4200,20,4200,40,,,0,4400,,,0,,,0,5291.64013671875,,,0,,,0,4100,,,0,,,0,5291.64013671875,,,0,,,0,5000,,,0,,,0
DOU,,,200000,,,0,,,0,102996.203125,,,0,,,0,102996.203125,,,0,,,0,102996.203125,,,0,,,0,102996.203125,,,0,,,0,102996.203125,,,0,,,0
DRF,,,999,9,1150,87,,,0,2500,35,3800,35,,,0,3025.3798828125,,,0,,,0,4997,105,3094,256,,,0,3025.3798828125,,,0,,,0,3025.3798828125,30,5000,30,,,0
DV,,,12329.669921875,,,0,,,0,12000,1,12000,8,,,0,12329.669921875,,,0,,,0,12329.669921875,1,20000,1,,,0,12329.669921875,,,0,,,0,12329.669921875,2,20000,2,,,0
DW,19,121,79.94999694824219,996,79.94999694824219,88155,1000,70.01000213623047,60856,88.87000274658203,142,88.87000274658203,18127,87,80.26000213623047,14979,68,2309,68,5195,960,46,1405,66.66000366210938,9,66.88999938964844,26477,600,54.0099983215332,222582,49.900001525878906,1200,49.900001525878906,17767,1,40,501,65.0199966430664,200,66.44999694824219,21722,106,65.0199966430664,65756
EDC,16000,,16000.009765625,100,16900,660,99,16000.009765625,199,16000.009765625,1,16300,9,100,16000,100,8219.7802734375,,,0,,,0,16000,15,18000,15,100,16001,200,8219.7802734375,,,0,,,0,16000,1,17000,11,100,16000,100
EES,,,48741.9609375,2,90000,7,,,0,100000,1,100000,2,,,0,48741.9609375,,,0,,,0,65000,10,65000,23,,,0,48741.9609375,,,0,,,0,48741.9609375,4,80000,4,,,0
ENG,,,500000,,,0,,,0,366662.8125,,,0,,,0,366662.8125,,,0,,,0,500000,1,500000,1,,,0,366662.8125,,,0,,,0,366662.8125,,,0,,,0
EPO,,,150,4700,150,4700,35,100.05000305175781,8585,111,18580,140,18580,1500,96,4791,82.68000030517578,,,0,8,120,8,159.64999389648438,6050,164,9200,2577,133.3300018310547,16079,82.68000030517578,,,0,,,0,91.72000122070312,150,147.99000549316406,6338,300,92.01000213623047,3008
ES,,,4000,10,4500,46,50,3533.530029296875,100,5000,10,5000,20,10,4000,164,1888.1600341796875,,,0,,,0,5231.580078125,20,4900,140,30,3777.72998046875,501,1888.1600341796875,,,0,,,0,5100,18,5100,76,30,4444.43994140625,86
ETC,,,15000,7,14000,24,80,5000,80,12000,18,12000,22,,,0,10329.26953125,,,0,,,0,15000,,,0,,,0,10329.26953125,,,0,,,0,11900,,,0,,,0
EXO,,,188.94000244140625,120,188.94000244140625,777,393,160,970,179.99000549316406,215,179.99000549316406,918,111,121,2494,170,55,170,241,500,80,500,236.97000122070312,310,240,518,2430,182,6476,250,36,250,207,,,0,245,60,242.4199981689453,504,50,141,2357
F,,,3500,14,4000,59,80,3000,207,5000,10,7000,10,15,2500,524,222.22000122070312,,,0,,,0,5000,3,5000,98,5,4200,8,222.22000122070312,,,0,,,0,3300,,,0,10,3133.1298828125,30
FAL,,,1400,42,1500,42,80,700,80,600,52,3000,52,,,0,1027.9599609375,,,0,,,0,1300,18,1299,167,28,650,58,1027.9599609375,,,0,,,0,1000,,,0,,,0
FAN,,,1200,5,1200,5,,,0,1000,65,1000,276,,,0,987.25,,,0,,,0,999,42,1500,42,,,0,987.25,,,0,,,0,1500,5,1200,5,,,0
FC,,,2500,8,2900,13,68,2500,107,3000,6,3500,17,,,0,2253.139892578125,,,0,,,0,2900,4,2900,4,,,0,2253.139892578125,,,0,,,0,2000,2,2500,2,,,0
FE,,,565,51,565,716,93,480,1238,550.010009765625,262,550.010009765625,786,300,550,1279,404.010009765625,,,0,500,40.40999984741211,500,410,31,410,1570,76,390.010009765625,556,400,2,400,2,,,0,549,39,499.989990234375,1025,20,300.010009765625,1304
FEO,32,,95.05000305175781,12,139,1426,84,95,1485,62,2,89.9800033569336,234,21,62,1578,50,,,0,,,0,45,16,62,3586,36,40.02000045776367,27316,40,120,100,120,1000,32,1000,91,22,91,3036,164,70.51000213623047,532
FET,,,1800,99,1800,175,100,1000,100,2000,,,0,,,0,1614.260009765625,,,0,,,0,2000,4,1999,153,,,0,1614.260009765625,,,0,,,0,2500,,,0,,,0
FF,,,11.979999542236328,2479,11.979999542236328,98046,300,11.3100004196167,9247,10.5,13497,10.850000381469727,158304,189,10.149999618530273,155372,16,10609,16,24294,400,15,400,11.989999771118164,2644,11.989999771118164,234652,2000,11.229999542236328,68845,12,1000,12,17982,600,10,5700,11,21773,11,120710,2000,10.050000190734863,59930
FFC,,,325000,1,310000,2,100,150000,100,315000,1,310000,1,1,250000,101,144805.65625,,,0,,,0,325000,1,299995,2,100,150000,100,144805.65625,,,0,,,0,150000,,,0,100,150000,100
FIM,,,2000,165,2000,170,20,1500.199951171875,292,2370,72,2499,172,100,1300,880,909.9500122070312,,,0,,,0,2400,,,0,15,1560.030029296875,3800,850,,,0,,,0,1375,404,1750,688,400,1206.010009765625,2951
FIR,,,564206.1875,,,0,,,0,564206.1875,,,0,,,0,564206.1875,,,0,,,0,564206.1875,1,925000,3,,,0,564206.1875,,,0,,,0,564206.1875,,,0,,,0
FLO,,,15000,,,0,,,0,8000,,,0,,,0,10184.8095703125,,,0,,,0,20000,12,20000,12,,,0,10184.8095703125,,,0,,,0,10184.8095703125,1,20000,1,,,0
FLP,,,500,4,2000,4,90,500,90,375,12,500,12,6,375,12,312.0899963378906,,,0,,,0,372.6700134277344,18,450,72,,,0,312.0899963378906,,,0,,,0,400,18,400,18,,,0
FLX,,,170,80,150,1960,200,120.01000213623047,2323,88.91000366210938,1000,150,3910,80,88.9000015258789,3680,95,,,0,,,0,100,79,140,2579,40,101,7790,80,60,80,349,,,0,237,992,237,3380,100,101,1546
FOD,,,250,176,250,938,300,160,582,160,32,222,32,236,160,540,170.30999755859375,,,0,,,0,175,,,0,,,0,170.30999755859375,,,0,,,0,249.99000549316406,454,249,534,,,0
FSE,,,750000,,,0,1,500000,1,800000,,,0,,,0,427320.125,,,0,,,0,600000,,,0,5,600000,5,427320.125,,,0,,,0,745000,,,0,,,0
FUN,,,60078.3984375,,,0,,,0,60078.3984375,,,0,,,0,60078.3984375,,,0,,,0,60078.3984375,,,0,,,0,60078.3984375,,,0,,,0,60078.3984375,,,0,,,0
GAL,57,,110,98,239,407,95,110,594,79.98999786376953,14,75,5795,1,62.099998474121094,2403,80,,,0,,,0,179,1028,179,1425,100,95,2016,57,86,70,186,,,0,129.99000549316406,30,129.99000549316406,5951,136,108,1664
GC,,,200,,,0,260,160,260,200,,,0,30,100,30,153.66000366210938,,,0,,,0,269.239990234375,60,268,94,60,120,60,153.66000366210938,,,0,,,0,199.99000549316406,10,200,70,,,0
GCH,,,19048.66015625,,,0,,,0,9000,,,0,,,0,19048.66015625,,,0,,,0,565,,,0,,,0,19048.66015625,,,0,,,0,7500,,,0,,,0
GEN,,,125000,,,0,5,120000,5,140000,3,130000,3,,,0,239354.234375,,,0,,,0,130000,1,165000,1,1,130000,1,239354.234375,,,0,,,0,140000,,,0,,,0
GIN,,,3950,15,3950,227,10,2201,10,3000,20,3000,282,30,1800,120,2500,,,0,,,0,2899,15,2895,105,20,2500,645,3000,,,0,,,0,2004,12,2474.419921875,121,28,2004,238
GL,,,290,70,290,2582,40,200,1522,239.2100067138672,190,235,789,20,161,1515,248.6999969482422,,,0,,,0,273,81,273,725,20,210,1015,248.6999969482422,26,320,26,,,0,245,155,245,1415,500,180.00999450683594,670
GNZ,,,40847.19140625,,,0,,,0,40847.19140625,,,0,,,0,40847.19140625,,,0,,,0,13000,,,0,,,0,40847.19140625,,,0,,,0,40847.19140625,,,0,,,0
GRA,,,3000,,,0,100,100,100,2200,,,0,,,0,1401.739990234375,,,0,,,0,2800,9,2800,9,5,1500,15,1401.739990234375,,,0,,,0,2995,10,2995,40,50,2503,60
GRN,86,,150,105,160,1545,214,150,1725,106,89,106,475,83,105.0999984741211,2378,120,32,120,32,,,0,156,462,156,1046,6,137.52000427246094,4120,110,38,140,388,,,0,119.98999786376953,168,120,1916,40,104.01000213623047,5285
GV,,,630,1,1050,20,99,630,99,1000,1,1024,48,,,0,1032.550048828125,,,0,,,0,700,5,999,129,11,700,11,1032.550048828125,,,0,,,0,690,6,1140,18,,,0
H,50,,85.05000305175781,476,109.9000015258789,18479,103,85.05000305175781,13151,89,12,85,10105,45,81.13999938964844,2470,90,,,0,,,0,85,46,85,18293,94,69,3190,80,480,80,704,,,0,58,32,58,134008,95,54,21893
H2O,,,30,4700,30,83018,170,23,33636,29.8700008392334,1002,29.8700008392334,35019,60,26.020000457763672,27559,20,,,0,1438,20,1438,37,2337,37,22918,2304,36.88999938964844,74730,38,50,38,1217,3000,21.010000228881836,13000,25.350000381469727,134,32.4900016784668,11163,1200,25.360000610351562,31895
HAB,,,150000,1,75000,26,2,60000,2,45000,1,45000,1,,,0,53978.7890625,,,0,,,0,40000,,,0,,,0,53978.7890625,,,0,,,0,45000,,,0,,,0
HAL,75,,250,56,250,673,10,151,2176,210.00999450683594,120,260,453,85,210,2037,150,,,0,,,0,324,190,324,385,1000,260,3241,500,60,500,60,,,0,152,39,244,1788,114,152,473
HCC,,,400,121,444.44000244140625,541,730,400,1330,350,10,600,10,990,350,1025,328.1400146484375,,,0,,,0,431,210,2534.5,210,100,410,500,328.1400146484375,,,0,,,0,1211.2099609375,20,1666.6099853515625,80,500,350,500
HCP,88,,140,4,140,603,48,130,1413,125,81,125,965,620,103.80999755859375,2338,149,,,0,,,0,160,100,163,3221,37,160,2149,100,100,140,100,,,0,134.97999572753906,16,134.99000549316406,401,200,95,1281
HD,,,2800,32,2800,142,20,2200,80,2500,34,2500,34,30,1200,30,1609.739990234375,,,0,,,0,2511,5,2511,5,,,0,1609.739990234375,,,0,,,0,1609.739990234375,,,0,,,0
HE,75,,130,49,220,975,62,130,2293,90,14,108,2948,585,90,885,121.20999908447266,,,0,,,0,76,840,79,8594,10,76,3781,185,100,160,244,,,0,169.9499969482422,20,164.99000549316406,1199,100,78.01000213623047,409
HE3,,,290,342,290,532,70,180,326,219.99000549316406,14,215,1854,500,200,1038,50000,,,0,,,0,375,500,370,6853,30,251,1638,220,,,0,,,0,224.97999572753906,344,224.97999572753906,26785,100,171,1164
HER,,,2500,,,0,50,1801,86,2250,18,2250,18,22,1507.6500244140625,281,1200.0899658203125,,,0,,,0,2575.2900390625,29,3000,79,50,1800,1194,1400,30,1400,60,,,0,1500,30,2500,30,109,1500,694
HEX,,,41.13999938964844,,,0,,,0,41.13999938964844,,,0,,,0,41.13999938964844,,,0,,,0,41.13999938964844,,,0,,,0,41.13999938964844,,,0,,,0,41.13999938964844,,,0,,,0
HHP,,,3373.25,,,0,,,0,3373.25,,,0,,,0,3373.25,,,0,,,0,3373.25,,,0,,,0,3373.25,,,0,,,0,3373.25,,,0,,,0
HMS,,,2000,4,2500,4,3,2000,249,1750,88,1750,246,100,600.010009765625,249,575,,,0,50,750,50,1300,393,1300,591,2,1250,552,1000,13,1000,47,,,0,1188.1099853515625,66,1188.1099853515625,166,7,800,207
HNZ,,,99440.7421875,,,0,,,0,99440.7421875,,,0,,,0,99440.7421875,,,0,,,0,99440.7421875,,,0,,,0,99440.7421875,,,0,,,0,99440.7421875,,,0,,,0
HOG,,,5500,10,5650,60,,,0,4400,30,4400,30,5,4000,5,3884.449951171875,,,0,,,0,4500,,,0,,,0,3884.449951171875,,,0,,,0,3884.449951171875,,,0,,,0
HOP,,,2700,22,2700,103,3,2000,73,2700,,,0,40,1500,228,906.6699829101562,,,0,,,0,2400,10,4150,630,3,2400,978,906.6699829101562,,,0,,,0,2099.02001953125,31,2099.02001953125,196,100,1778,589
HPC,,,13005.009765625,,,0,,,0,13005.009765625,,,0,,,0,13005.009765625,,,0,,,0,4000,,,0,,,0,13005.009765625,,,0,,,0,13005.009765625,,,0,,,0
HPR,,,732931.375,,,0,,,0,732931.375,,,0,,,0,732931.375,,,0,,,0,732931.375,1,999999,2,,,0,732931.375,,,0,,,0,732931.375,,,0,,,0
HSE,,,12000,33,13000,210,1,12000,88,8500,5,12000,5,2,8500,78,11000,1,9500,9,,,0,11700,12,11699.6904296875,49,20,8000,70,6520.85986328125,,,0,30,5000,30,11000,38,15000,40,3,11000,23
HSS,,,2332.72998046875,,,0,30,1800,235,1500,40,3000,109,20,1500,140,1000,,,0,,,0,3000,1,3000,1,8,2000,1563,1109.52001953125,20,2000,20,,,0,2500,70,2495,247,21,1700,721
HTE,,,1704487.375,,,0,,,0,1704487.375,,,0,,,0,1704487.375,,,0,,,0,1704487.375,,,0,,,0,1704487.375,,,0,,,0,1704487.375,,,0,,,0
HYR,,,1397232.5,,,0,,,0,1397232.5,,,0,,,0,1397232.5,,,0,,,0,1397232.5,,,0,,,0,1397232.5,,,0,,,0,1397232.5,,,0,,,0
I,,,340,5,340,3421,23,300,183,532.489990234375,40,599.9500122070312,129,12,300,12,634.2899780273438,,,0,,,0,399,76,399,2313,7,240,45,634.2899780273438,100,300,100,,,0,250,3,250,2794,17,200.10000610351562,200
IDC,20000,,20000,4,25000,7,100,20000,100,20000,1,30000,1,100,20000,100,10433.23046875,,,0,,,0,20000,34,22000,34,100,20000,100,10433.23046875,,,0,,,0,20000,10,22000,10,100,20000,100
IMM,,,68599.8203125,,,0,,,0,68599.8203125,,,0,,,0,68599.8203125,,,0,,,0,68599.8203125,,,0,,,0,68599.8203125,,,0,,,0,68599.8203125,,,0,,,0
IND,,,5250,,,0,98,2100,195,1850,9,2400,40,10,1500,12,2000.25,,,0,,,0,2400,4,2350,14,20,1900.010009765625,61,2000.25,,,0,,,0,2400,10,2400,10,10,1750.010009765625,11
INS,,,115,38790,115,41464,570,109,114320,138.42999267578125,1000,139,14194,142,112,3422,9,,,0,,,0,138.99000549316406,1200,139.9499969482422,19513,16,117.01000213623047,11850,160,2000,120,2000,,,0,119,524,119,50216,3750,101,3842
JUI,,,1109.18994140625,,,0,,,0,1109.18994140625,,,0,,,0,1109.18994140625,,,0,,,0,1109.18994140625,,,0,,,0,1109.18994140625,,,0,,,0,1109.18994140625,,,0,,,0
KOM,,,620,42,620,3477,233,410,601,500,600,500,2720,3,453.010009765625,986,450,,,0,,,0,669,66,650,1393,100,555,2762,400,236,350,717,,,0,680,95,679,1149,100,453,1914
KV,,,14422.2099609375,,,0,,,0,15000,6,12000,6,3,8000,3,13713.3798828125,,,0,,,0,12000,2,15000,49,12,11000,14,13713.3798828125,,,0,,,0,13000,14,17500,15,5,13000,15
LBH,,,2699.9599609375,27,2700,284,83,2001,546,2899.5,14,3197,307,58,2210,107,2000,,,0,6,300,6,2775,18,2774,3537,100,2400,300,1900,38,1900,66,,,0,1702,22,2900,59,2,1700,99
LC,,,2100,20,5500,20,20,4000,146,1700,,,0,20,800,95,3206.679931640625,,,0,,,0,2350,,,0,3,2000,134,3206.679931640625,,,0,,,0,5000,35,5000,35,100,500,100
LCB,,,325000,1,400000,2,1,290000,1,250000,,,0,,,0,330863.5625,,,0,,,0,290000,1,385000,13,,,0,330863.5625,,,0,,,0,325000,1,400000,1,,,0
LCR,,,936.1099853515625,,,0,,,0,1989.800048828125,,,0,,,0,2970,,,0,,,0,1941.9300537109375,14,2000,14,,,0,2970,,,0,,,0,2000,,,0,,,0
LD,,,9000,,,0,,,0,10000,4,10000,4,,,0,5134.419921875,,,0,,,0,9000,80,7500,201,,,0,5134.419921875,,,0,,,0,5134.419921875,7,10000,7,,,0
LDE,,,5547.5,5,5890,72,5,4201,81,7498.9501953125,19,7498.990234375,115,36,4000,56,4200,,,0,,,0,5500,19,5495,571,196,5100,366,4200,20,6000,20,40,3600,40,5945.990234375,43,5945.990234375,99,4,5001,53
LDI,,,40,6,250,6,,,0,250,,,0,917,200,917,287.2099914550781,,,0,,,0,295,,,0,,,0,287.2099914550781,,,0,,,0,444,66,444,143,,,0
LES,,,700,109,800,347,,,0,1000,,,0,,,0,228.57000732421875,,,0,,,0,649,5,625,352,,,0,228.57000732421875,,,0,,,0,400,30,700,140,,,0
LFE,,,21000,,,0,,,0,180000,1,180000,3,1,150000,1,75567.2265625,,,0,,,0,220000,2,195000,33,1,160000,3,75567.2265625,,,0,,,0,200000,1,220000,1,,,0
LFL,,,300000,1,350000,1,1,250000,1,250000,2,250000,2,,,0,122737.671875,,,0,,,0,300000,1,325000,2,,,0,122737.671875,,,0,,,0,122737.671875,,,0,,,0
LFP,,,6000,,,0,,,0,3000,4,3000,4,,,0,7461.4599609375,,,0,,,0,5000,7,4000,14,,,0,7461.4599609375,,,0,,,0,7461.4599609375,,,0,,,0
LHP,,,2350,50,2269.989990234375,469,100,2000,671,2000,73,2000,109,,,0,1616.9200439453125,,,0,,,0,2200,160,2200,1383,30,1800,30,1400,15,1400,17,,,0,2500,21,2500,56,,,0
LI,,,700,320,1250,769,,,0,750,10,749,1725,,,0,472.2900085449219,,,0,,,0,855.0700073242188,776,750,1650,200,650,300,472.2900085449219,,,0,,,0,940,,,0,70,650,70
LIO,,,250,311,350,510,100,180,123,300,249,300,249,100,210,200,19000,,,0,,,0,100,15,250,2305,991,100,991,68.56999969482422,,,0,,,0,475,,,0,400,210.02000427246094,500
LIS,250000,,450000,,,0,100,250000,100,350000,,,0,100,250000,100,257504.296875,,,0,,,0,450000,,,0,100,250000,100,257504.296875,,,0,,,0,257504.296875,1,625000,1,100,250000,100
LIT,,,13124.9404296875,,,0,,,0,13124.9404296875,,,0,,,0,13124.9404296875,,,0,,,0,9999,,,0,,,0,13124.9404296875,,,0,,,0,13124.9404296875,1,9999,1,,,0
LOG,56000,,57000,13,57000,22,37,56001,137,56000,4,70000,4,100,56000,100,28263.599609375,,,0,,,0,56281.25,,,0,2,58000,122,28263.599609375,,,0,,,0,75000,,,0,100,56000,100
LSE,,,4933.330078125,14,5000,462,4,4500,23,6250,8,6250,68,2,5000,40,4650,,,0,,,0,6000,19,6999,176,8,5510,290,6000,15,6000,15,36,4200,36,5847,8,5847,127,4,5101,119
LSL,,,250000,,,0,,,0,205256.8125,1,350000,1,1,250000,1,205256.8125,,,0,,,0,300000,,,0,,,0,205256.8125,,,0,,,0,205256.8125,,,0,,,0
LST,,,116.79000091552734,428,120,6110,29,100,6778,90,100,90,7928,722,70.66000366210938,1021,41,,,0,,,0,117,1093,117,6269,300,100.01000213623047,3463,50,329,50,531,,,0,120,126,119.98999786376953,2044,100,100.5199966430664,2298
LTA,,,3429.659912109375,11,3995,20,50,2111,103,2479,1,2479,95,4,1305,14,1950,,,0,,,0,2300,5,2300,496,100,2250,255,1900,11,1900,27,,,0,2393,2,2393,251,4,1751,106
LU,,,60000,,,0,4,60000,4,50000,,,0,5,50000,5,62782.37109375,,,0,,,0,100000,,,0,3,100000,8,62782.37109375,,,0,,,0,62782.37109375,,,0,5,50000,5
MAG,87,,150,25,145,25,100,87.01000213623047,200,96.44000244140625,,,0,5,88,105,117.55000305175781,,,0,,,0,87.44000244140625,8,139,78,100,87,100,117.55000305175781,,,0,,,0,92.5,69,92.5,407,313,90,413
MAI,,,130,9,180,9,24,150,855,180,73,168.63999938964844,415,120,103,1915,171.1699981689453,,,0,,,0,150,36,157,4102,15,150,1428,110,29,110,144,,,0,139.97000122070312,213,139.97999572753906,1453,200,105.01000213623047,3621
MB,,,5200,,,0,100,5000,110,4000,,,0,1,3600,11,3450.389892578125,,,0,,,0,4500,,,0,100,5000,100,3450.389892578125,,,0,,,0,6000,,,0,100,5000,100
MCB,,,175000,1,195000,2,,,0,300000,,,0,,,0,167025.5625,,,0,,,0,240000,2,175000,11,,,0,167025.5625,,,0,,,0,167025.5625,3,250000,3,,,0
MCG,12,36,27.280000686645508,10,27.280000686645508,26378,200,21.5,17484,20,58,20,40643,60,13.010000228881836,7100,24.5,582,24,1612,302,15,5984,32.959999084472656,204,32.959999084472656,100982,137,25.549999237060547,8994,36,2112,36,3789,70,30,111,30.979999542236328,2440,30.979999542236328,36651,518,29.06999969482422,16424
MEA,,,6000,76,6800,426,20,3000,140,3800,38,4500,48,200,3000,220,1735.760009765625,,,0,,,0,3700,100,3750,252,4,2200.090087890625,282,1735.760009765625,,,0,,,0,3250,72,3480,506,40,2650,44
MED,,,2900,140,2900,324,47,1000,424,1447.989990234375,15,1447.989990234375,262,223,750,583,450,,,0,20,450,20,1547.1400146484375,12,1639.949951171875,366,1,850.010009765625,701,750,102,750,102,,,0,1488.4100341796875,90,1488.4100341796875,100,4,1000,730
MFE,,,90000,,,0,,,0,95000,9,100000,9,,,0,44024.19140625,,,0,,,0,80583.328125,1,79400,8,,,0,44024.19140625,,,0,,,0,160000,,,0,,,0
MFK,,,245,10,245,136,20,219,1075,300,60,297,75,15,136,1129,149.6999969482422,,,0,,,0,150,223,180,847,49,125.01000213623047,1219,150,,,0,200,145,200,240,13,238.32000732421875,1260,16,140,799
MFL,,,150000,1,150000,1,1,100000,2,125000,3,125000,4,,,0,61748.23046875,,,0,,,0,100000,2,140000,4,,,0,61748.23046875,,,0,,,0,61748.23046875,,,0,,,0
MG,,,94.22000122070312,100,87,18114,250,50.099998474121094,1315,54,323,54,8739,45,41,5117,50,,,0,,,0,49.900001525878906,137,49.88999938964844,9817,500,30.510000228881836,4660,54.86000061035156,500,60,500,,,0,69.5,260,69.5,6009,200,44,963
MGC,,,8591.9501953125,,,0,,,0,8591.9501953125,,,0,,,0,8591.9501953125,,,0,,,0,6740,1,6740,26,,,0,8591.9501953125,,,0,,,0,8000,,,0,,,0
MGS,,,175,103,175,1548,65,97,2365,56,145,96.98999786376953,1086,10,56,3099,41.13999938964844,,,0,,,0,170,430,169.9499969482422,1824,200,120,2878,41.13999938964844,,,0,,,0,155,100,175,668,36,155,1496
MHL,,,2199,14,2199,702,159,2000,359,2000,42,2000,306,160,1650,528,2351.52001953125,,,0,,,0,2050,126,2350,1130,74,2050,177,2351.52001953125,,,0,,,0,2740,14,2675,1455,16,2500,64
MHP,,,2500,7,2500,25,10,2000,10,2500,30,2900,39,9,2500,9,2118.949951171875,,,0,,,0,2955,,,0,300,2800,300,2118.949951171875,,,0,,,0,5000,50,3500,50,,,0
MLI,,,10268.849609375,,,0,,,0,12500,1,12500,1,,,0,10268.849609375,,,0,,,0,15000,19,15000,47,,,0,10268.849609375,,,0,,,0,10268.849609375,,,0,,,0
MPC,,,1040,63,1040,200,,,0,1475,1,1475,66,10,1100,10,661.4199829101562,,,0,,,0,999.4199829101562,91,1000,225,,,0,661.4199829101562,,,0,,,0,1400,36,1399.989990234375,86,,,0
MSL,,,100000,1,100000,1,1,75000,2,50000,1,120000,1,,,0,83082.453125,,,0,,,0,75000,2,85000,20,,,0,83082.453125,,,0,,,0,125000,8,125000,8,,,0
MTC,,,452.94000244140625,,,0,,,0,300,5,300,55,,,0,452.94000244140625,,,0,,,0,1,,,0,,,0,452.94000244140625,,,0,,,0,500,,,0,,,0
MTP,,,1800,57,2200,57,316,1800,316,1800,,,0,50,500,250,1027.6199951171875,4,1250,4,,,0,2625,,,0,7,1500,267,1027.6199951171875,,,0,,,0,1500,56,1988.9100341796875,148,10,1250,10
MUS,,,120,,,0,345,120,886,110.95999908447266,23,130,263,10,120,551,172.3000030517578,,,0,,,0,129.47000122070312,1000,140,3000,463,130,2408,172.3000030517578,,,0,,,0,101,8,101,156,500,100,1358
MWF,,,180,20,190,30,,,0,200,200,500,200,379,200,379,189.47000122070312,,,0,,,0,200,396,225,426,400,200,400,189.47000122070312,,,0,,,0,270,140,270,160,,,0
N,33,,88,462,88,36892,200,71,4347,79,118,79,21508,180,72.0999984741211,3423,66.12000274658203,,,0,,,0,73.19999694824219,180,75,55370,500,55,16000,66.12000274658203,,,0,,,0,109.9000015258789,212,104.98999786376953,5967,968,50.0099983215332,1068
NA,25,,25,57,25.010000228881836,6147,100,25,100,25,896,25.010000228881836,3209,100,25,100,1106.219970703125,,,0,,,0,25,100,26.979999542236328,8505,100,25,100,1,218,1,218,,,0,25,70,25.010000228881836,4441,100,25,100
NAB,,,120,500,120,625,100,95,3200,170,75,170,705,150,70.36000061035156,520,126.41999816894531,,,0,,,0,150,400,150,531,75,120,2007,65,,,0,460,65,460,80,140,120,680,140,70.01000213623047,430
NCS,,,29.739999771118164,,,0,9267,25,9267,25.010000228881836,1000,34,4590,7798,25.010000228881836,14724,16.979999542236328,,,0,,,0,45,108,44.9900016784668,14657,4800,36.70000076293945,18483,16.979999542236328,,,0,,,0,29.979999542236328,2000,29.979999542236328,2702,45,20.350000381469727,93
NE,,,220,40,240,40,60,220,409,250,50,300,149,850,166.6699981689453,1468,300,,,0,,,0,201,120,395,3704,100,200,620,300,150,300,150,,,0,150.67999267578125,4,370,2994,200,150.02000427246094,1400
NF,,,5134.419921875,,,0,,,0,10000,9,10000,9,,,0,5134.419921875,,,0,,,0,5134.419921875,24,7500,60,,,0,5134.419921875,,,0,,,0,5134.419921875,,,0,,,0
NFI,,,24.5,1320,24.989999771118164,4220,,,0,19,1603,17.450000762939453,7653,,,0,6.179999828338623,,,0,,,0,8,6160,8,10616,60,2.5,60,6.179999828338623,,,0,,,0,12,1300,21.25,1300,,,0
NG,,,850,31,795,81,100,500,1100,675,,,0,1,600,1,721.8099975585938,,,0,,,0,600,14,1495,212,281,600,281,721.8099975585938,,,0,,,0,550,,,0,,,0
NL,,,2900,42,3600,42,5,2600,235,2670.830078125,8,2880,8,50,2213,103,2000,,,0,,,0,2850,4,2900,745,10,2600,230,2400,26,2400,38,,,0,3000,160,3000,273,4,2500,40
NN,,,50000,,,0,,,0,25000,,,0,,,0,29444.419921875,,,0,,,0,32000,,,0,4,25000,4,29444.419921875,,,0,,,0,29444.419921875,1,50000,1,,,0
NOZ,,,43702.01171875,,,0,,,0,43702.01171875,,,0,,,0,43702.01171875,,,0,,,0,43702.01171875,,,0,,,0,43702.01171875,,,0,,,0,43702.01171875,,,0,,,0
NR,,,325,50,325,950,100,50,100,299,1000,250,1999,650,150,650,199.5800018310547,,,0,,,0,390,,,0,1,975,126,199.5800018310547,,,0,,,0,274,750,380,1500,,,0
NS,,,240,40,250,1319,70,240,1666,380,52,349.989990234375,1065,40,251,9096,214.27000427246094,,,0,,,0,240,1000,225,2800,452,155,2662,160,,,0,,,0,300,1521,300,10726,800,132.00999450683594,1246
NST,,,7500,19,7500,19,,,0,5065.7900390625,,,0,,,0,1351.469970703125,,,0,,,0,1700,23,2800,96,3,1500,21,1351.469970703125,,,0,,,0,2900,60,2788.719970703125,151,4,1700,29
NUT,,,148,112,148,112,312,100,903,140,8,140,28,50,101,1220,151.7100067138672,,,0,,,0,115.1500015258789,85,131.9499969482422,574,75,115.1500015258789,4372,151.7100067138672,,,0,24,90,24,94.0999984741211,246,136,451,500,95,5305
NV1,100000,,130000,,,0,100,100000,100,94010.078125,,,0,100,100000,100,94010.078125,,,0,,,0,100000,1,190000,2,100,100000,100,94010.078125,,,0,,,0,94010.078125,,,0,100,100000,100
NV2,,,130882.6328125,,,0,100,150000,100,130882.6328125,,,0,100,150000,100,130882.6328125,,,0,,,0,150000,3,220000,3,100,150000,100,130882.6328125,,,0,,,0,130882.6328125,,,0,100,150000,100
O,32,,94.5,159,100,3664,14,94.5,4735,95,105,87,16035,169,75,8050,55,,,0,,,0,81,408,81.8499984741211,21253,200,67.0999984741211,8254,90,1102,90,1317,,,0,92.5,23,92.5,3794,658,66.66000366210938,2517
OFF,,,149,400,149,680,250,50,1250,100,2451,100,3696,80,50,220,50.65999984741211,,,0,,,0,94.26000213623047,,,0,500,62.0099983215332,3400,50.65999984741211,1000,70,1500,,,0,109,1000,107.98999786376953,1210,20,85,90
OLF,,,960.010009765625,12,350,114,100,50,100,1625,,,0,,,0,960.010009765625,,,0,,,0,1100,14,1100,14,,,0,960.010009765625,,,0,,,0,1100,123,825.280029296875,585,,,0
OS,,,40000,,,0,6,40000,6,47000,1,47000,5,,,0,30351.4609375,,,0,,,0,35000,2,35000,37,,,0,30351.4609375,,,0,,,0,20000,,,0,,,0
OVE,40,153,80.0199966430664,409,88.98999786376953,4334,1000,60,2101,79.13999938964844,213,79.13999938964844,12306,6,78,9969,80,230,80,845,1000,40,1000,82.5,906,82.5,4805,60,78,10510,95,337,95,1663,32,81,65,74.5,1000,74.98999786376953,7142,20,74.19999694824219,7068
PCB,,,1275,50,1375,989,70,1200,270,2000,,,0,40,1102,50,807.0599975585938,,,0,,,0,1510,40,2150,80,62,1510,144,807.0599975585938,,,0,,,0,1600,10,2400,74,10,1400,10
PDA,,,3700,41,3700,618,3,2800,79,3000,,,0,3,1800,43,1153.030029296875,,,0,5,3500,5,4000,40,3750,734,10,3000,74,4000,28,4000,28,,,0,4500,,,0,1,2800,51
PE,,,5.690000057220459,8850,5.690000057220459,322484,1100,4.690000057220459,216431,5.71999979019165,9532,5.71999979019165,94931,716,4.650000095367432,219418,4,100,6,100,,,0,5.25,63529,5.25,371623,1400,5.010000228881836,292430,4.5,14000,4.5,20000,,,0,4.96999979019165,5500,4.96999979019165,260433,6000,4.699999809265137,140498
PFE,,,762.1699829101562,5,800,5,40,300,40,400,10,499,90,75,400,75,480.5400085449219,,,0,,,0,549.6599731445312,,,0,,,0,480.5400085449219,,,0,100,330,100,611.1599731445312,40,515.1500244140625,710,,,0
PG,,,35.099998474121094,3191,41,24422,180,35.099998474121094,44452,29.75,375,35.689998626708984,44615,10000,29.1299991607666,95338,25,,,0,,,0,40.029998779296875,500,44.970001220703125,130750,80,40.029998779296875,162464,35,500,35,500,7429,27,7929,41.720001220703125,900,41.689998626708984,17455,627,36.0099983215332,11541
PIB,,,1200,,,0,100,100,100,300,,,0,,,0,596.8499755859375,,,0,,,0,600,,,0,,,0,596.8499755859375,,,0,,,0,1100,32,1911.9100341796875,32,16,1100,16
PK,,,840.989990234375,,,0,,,0,840.989990234375,,,0,,,0,840.989990234375,,,0,,,0,1500,,,0,,,0,840.989990234375,,,0,,,0,840.989990234375,120,1200,120,,,0
POW,4200,,4300,26,4300,222,100,4200,100,4750,90,4750,90,10,4500,176,2364.429931640625,,,0,,,0,4600,164,4600,164,10,4300,110,2364.429931640625,,,0,,,0,4600,5,4400,175,100,4200,100
PPA,,,80,2,80,12,,,0,200,1,198.97999572753906,123,35,100,50,143.52999877929688,,,0,,,0,100,16,145,16,,,0,143.52999877929688,160,100,160,,,0,1,,,0,,,0
PSH,,,8000,12,7000,12,,,0,5000,4,10000,4,,,0,3839.050048828125,,,0,,,0,5000,2,8500,4,,,0,3839.050048828125,,,0,,,0,8250,1,8125,24,,,0
PSL,,,3400,44,3400,147,495,3000,620,3000,7,3111.10009765625,50,250,3000,357,1700,,,0,,,0,3000,42,3333,222,43,3000,44,1600,3,2500,3,,,0,1802,68,3000,101,12,1802,48
PSM,,,1400,4,1500,34,100,1000,191,953.7100219726562,35,1200,35,14,950,152,750,,,0,,,0,658.3300170898438,10,1700,132,47,600,47,1321.68994140625,,,0,,,0,1000,10,1999,15,,,0
PSS,,,1000,10,1500,30,100,400,100,452.29998779296875,25,500,25,15,452.29998779296875,52,660.8400268554688,5,450,5,,,0,280,16,1100,16,34,280,133,660.8400268554688,,,0,,,0,250,2,625,27,18,250,18
PT,,,521,302,521,994,164,400,1164,379.8999938964844,6,379.8999938964844,2832,3,352,426,255,,,0,,,0,412.42999267578125,442,412.42999267578125,3312,8,324.0199890136719,3126,400,193,400,193,,,0,474.25,40,479.989990234375,181,50,336,1077
PWO,,,180,1007,209.99000549316406,5829,30,161,1035,218.99000549316406,98,218.99000549316406,3599,5,179.5,1112,210,23,210,23,,,0,210,1500,209,9921,12,201.02000427246094,1300,230,103,230,282,27,220,42,217.5,460,217.5,4776,5,211,2271
QCR,,,695000,,,0,,,0,695000,,,0,,,0,365454.625,,,0,,,0,595000,,,0,,,0,365454.625,,,0,,,0,695000,,,0,,,0
RAD,,,5900,36,6000,36,12,5000,22,7000,8,10000,8,8,5000,8,3729.22998046875,,,0,,,0,51444.26953125,4,25000,4,,,0,3729.22998046875,,,0,,,0,20000,,,0,,,0
RAG,,,259746.03125,,,0,,,0,259746.03125,,,0,,,0,259746.03125,,,0,,,0,27500,,,0,,,0,259746.03125,,,0,,,0,259746.03125,,,0,,,0
RAM,,,1250,18,1250,18,,,0,2000,11,2000,11,,,0,1252.9200439453125,,,0,,,0,2500,109,2500,133,,,0,1252.9200439453125,,,0,,,0,2350,10,2350,42,,,0
RAT,32,166,77.98999786376953,812,77.98999786376953,33618,100,65,9758,86,1058,86,28661,436,80.33000183105469,21792,85,2822,85,3860,660,60,1860,75,1688,75,129603,200,71.01000213623047,44429,60,400,59.900001525878906,14565,1000,25,1000,61.560001373291016,2085,64.94999694824219,40488,3451,61.560001373291016,34531
RBH,,,13250,10,13250,160,4,12000.009765625,69,14000,24,13000,51,1,10732.3701171875,5,8000.830078125,,,0,,,0,11000,2,15000,40,50,10000,50,8000.830078125,,,0,,,0,17111,3,14899,61,2,12000,63
RCO,400,,700,,,0,235,700,1705,650,71,777.77001953125,71,7,650,1509,420,,,0,,,0,600,194,799,237,25,600.010009765625,734,500,22,500,82,,,0,551,22,620,114,50,553,936
RCS,,,100000,,,0,,,0,209000,,,0,,,0,94093.78125,,,0,,,0,70000,4,100000,4,,,0,94093.78125,,,0,,,0,94093.78125,,,0,,,0
RCT,,,500000,,,0,,,0,356760.5,,,0,,,0,356760.5,,,0,,,0,550000,,,0,,,0,356760.5,,,0,,,0,356760.5,,,0,,,0
RDE,,,22500,14,22500,24,6,20500.009765625,61,24484,4,22200,58,1,2500,1,14495.8095703125,,,0,,,0,21000,15,21000,102,1,20000,56,14495.8095703125,,,0,,,0,22500,2,22928.220703125,105,20,19100,70
RDL,,,380631.96875,,,0,,,0,380631.96875,,,0,,,0,380631.96875,,,0,,,0,380631.96875,,,0,,,0,380631.96875,,,0,,,0,380631.96875,,,0,,,0
RDS,,,209228.40625,,,0,,,0,209228.40625,,,0,,,0,209228.40625,,,0,,,0,125000,,,0,,,0,209228.40625,,,0,,,0,209228.40625,,,0,,,0
REA,,,280,1764,280,6013,100,225,300,300,465,300,465,200,200,466,355.8699951171875,,,0,,,0,350,334,350,3173,120,246,2551,300,418,300,418,1000,200,1000,290,50,290,1717,,,0
RED,45000,,45001,127,47250,225,100,45000,100,45000,,,0,10,45001,110,22540.4296875,,,0,,,0,45000,,,0,20,45001,120,22540.4296875,,,0,,,0,45000,,,0,100,45000,100
REP,,,620,392,620,879,44,511,1211,472,70,472,1495,111,406,404,340,,,0,,,0,500,617,500,914,50,410,954,500,47,500,123,,,0,639,438,639,679,10,411,93
RG,,,899,14,850,216,590,700,590,971.6699829101562,30,1000,30,120,811,178,751.5700073242188,,,0,,,0,600,30,899.9500122070312,1082,465,600,1014,751.5700073242188,,,0,,,0,1000,,,0,40,800.010009765625,40
RGO,,,1400,9,1400,66,20,1200,20,1200,,,0,,,0,798.47998046875,,,0,,,0,1900,10,4444.43994140625,10,1,1900,1,798.47998046875,,,0,,,0,798.47998046875,29,5000,29,,,0
RHP,,,4800,29,4800,29,8,3700,16,2700.739990234375,,,0,15,3250,15,2700.739990234375,,,0,,,0,3400,,,0,6,3400,6,2700.739990234375,,,0,,,0,2700.739990234375,4,4500,4,,,0
ROM,,,3200,30,3200,30,,,0,3000,6,3000,6,,,0,1931.5799560546875,,,0,,,0,2100,,,0,50,2001,370,1931.5799560546875,,,0,,,0,2000,10,3000,25,40,1900,80
RSE,,,25000,,,0,6,30000.009765625,103,20185.439453125,15,22000,21,,,0,12026.7197265625,,,0,,,0,20000,2,23000,125,20,19000,126,12026.7197265625,,,0,,,0,20999,16,21000,59,20,18000,82
RSH,,,17292.380859375,,,0,,,0,17292.380859375,,,0,,,0,17292.380859375,,,0,,,0,17292.380859375,2,40000,2,,,0,17292.380859375,,,0,,,0,17292.380859375,1,43000,1,,,0
RSI,,,450,,,0,100,200,100,1000,12,1300,77,20,1000,20,686.77001953125,,,0,,,0,800,,,0,200,500,200,686.77001953125,,,0,,,0,700,7,1000,7,,,0
RTA,,,14949.990234375,26,14949.990234375,66,2,13600.009765625,63,12945.6904296875,5,30000,5,11,12937.3701171875,35,8308.73046875,,,0,,,0,16800,2,17000,2,1,12001,29,8308.73046875,,,0,,,0,9000,8,12900,20,13,9000,28
S,,,85,4,85,333,1000,40,1005,69,571,69.58999633789062,814,50,35.0099983215332,150,85.83999633789062,,,0,,,0,27,84,56.9900016784668,418,126,27,223,85.83999633789062,,,0,,,0,89.95999908447266,30,89.6500015258789,955,,,0
SA,,,6500,,,0,,,0,5000,1,5000,1,,,0,3422.949951171875,,,0,,,0,5000,45,5000,166,,,0,3422.949951171875,,,0,,,0,3422.949951171875,,,0,,,0
SAL,,,6500,,,0,,,0,10000,1,9949,38,,,0,3422.949951171875,,,0,,,0,5000,76,4999,185,,,0,3422.949951171875,,,0,,,0,3422.949951171875,,,0,,,0
SAR,,,23000,4,24000,27,10,10000,20,24000,,,0,5,17001,17,9628.83984375,,,0,,,0,20000,2,30000,2,20,7500,50,9628.83984375,,,0,,,0,16000,5,25000,5,,,0
SC,,,1094.9300537109375,14,1500,14,10,1000,16,1000,82,1000,82,100,600,120,1500,,,0,,,0,1000,45,1000,824,1,800.010009765625,301,1500,56,1500,56,,,0,1077.010009765625,308,1077.010009765625,721,1,700,121
SCB,,,45000,1,45000,1,,,0,70000,,,0,,,0,54712.01171875,,,0,,,0,57000,,,0,,,0,54712.01171875,,,0,,,0,2686,,,0,,,0
SCN,,,1400,12,1400,383,6,1150,86,1999.989990234375,56,1999.989990234375,503,10,1450,42,1500,,,0,,,0,1875,2,1875,148,100,1365,339,1150,17,2000,46,1,1150,1,2100,29,2100,375,1,1200,169
SCR,,,100,,,0,12,90,212,90,90,90,349,30,85,130,82.29000091552734,,,0,,,0,82,30,82.01000213623047,65,100,82,100,82.29000091552734,30,140,301,,,0,82.01000213623047,63,98,205,95,82.01000213623047,195
SDR,72000,,72001,100,80000,100,8,72001,108,72000,3,75000,3,5,72001,105,37259.4296875,,,0,,,0,72000,,,0,10,72001,110,37259.4296875,,,0,,,0,72000,,,0,100,72000,100
SEA,,,115,1168,115,7630,870,60,870,80,240,80,2230,200,50,200,73.05000305175781,,,0,,,0,80,94,80,6087,141,65,1126,150,200,120,362,,,0,89,395,89,8411,200,65,330
SEN,,,750,1055,750,1055,50,450,1050,600,20,750,20,100,600,140,285.3699951171875,,,0,,,0,653.0399780273438,10,1500,10,130,650,170,285.3699951171875,,,0,,,0,600,,,0,200,600,410
SEQ,,,10000,,,0,,,0,8079.85986328125,,,0,,,0,8079.85986328125,,,0,,,0,14000,,,0,12,10000,12,8079.85986328125,,,0,,,0,8079.85986328125,,,0,,,0
SF,6,16,13.739999771118164,2401,13.739999771118164,62039,1587,12.199999809265137,51431,10,2000,10.569999694824219,56288,2000,9.609999656677246,149907,13,8080,12.989999771118164,55805,,,0,11.989999771118164,1812,11.989999771118164,105626,1325,11.020000457763672,73366,14,500,14,11697,549,8,12649,11,27027,11,232326,2000,10.029999732971191,119904
SFE,,,60000,,,0,,,0,55000,5,55000,22,,,0,25161.3203125,,,0,,,0,50000.01171875,2,54500,11,,,0,25161.3203125,,,0,,,0,1,3,56000,3,,,0
SFK,,,80,264,80,391,3,50.0099983215332,2354,73,84,73,1175,40,35.5,751,42.5,,,0,,,0,60,936,69.94999694824219,8812,475,60,4402,50,50,50,50,,,0,70,116,68.86000061035156,2926,7,50.5,530
SFL,,,85000,1,50000,3,,,0,30850.880859375,2,60000,2,,,0,30850.880859375,,,0,,,0,45000,2,80000,2,,,0,30850.880859375,,,0,,,0,30850.880859375,,,0,,,0
SI,,,525,139,525,1704,1000,300,1000,380,376,380,1606,10,350,10,884.1400146484375,,,0,,,0,150,16,290,6159,163,150,846,884.1400146484375,40,500,60,,,0,420,700,375,1564,100,200.00999450683594,150
SIL,,,2000,8,1788.7099609375,83,,,0,2400,25,2375,49,,,0,2300.8798828125,,,0,,,0,750,78,1750,78,,,0,2300.8798828125,,,0,,,0,2995,14,1900,62,,,0
SIO,38,,60,311,74,2443,2544,60,3861,40.099998474121094,225,95,1929,40,40.0099983215332,226,45,,,0,,,0,81,500,80.98999786376953,10869,10,63.5099983215332,13173,40,46,140,46,,,0,150,419,149,1471,148,107.51000213623047,1004
SNM,,,50000,8,200000,8,2,125000,8,77019.203125,,,0,,,0,77019.203125,,,0,,,0,126500,17,126500,43,,,0,77019.203125,,,0,,,0,77019.203125,,,0,,,0
SOI,,,360,90,400,3129,50,260,150,336.8800048828125,4,360,454,,,0,299.3699951171875,,,0,,,0,375,125,375,125,33,350.010009765625,33,299.3699951171875,10,320,10,100,250,200,360,68,360,518,500,210,580
SOL,,,900,24,900,34,,,0,980,17,1090,271,,,0,450.1700134277344,,,0,,,0,1000,149,1000,149,,,0,450.1700134277344,,,0,,,0,1350,5,1599.989990234375,35,,,0
SP,,,1700,12,1700,202,100,1501,200,1900,,,0,15,1533.3299560546875,115,1123.4200439453125,,,0,,,0,1800,270,3000,270,100,1500,100,1123.4200439453125,,,0,,,0,3800,30,3150,60,10,1555.510009765625,110
SRD,53000,,53001,26,55500,32,20,53001,120,53000.01171875,,,0,4,53000.01171875,104,29394,,,0,,,0,53000,,,0,10,53001,110,29394,,,0,,,0,53000,,,0,100,53000,100
SRP,,,8705.3203125,,,0,,,0,8705.3203125,,,0,,,0,8705.3203125,,,0,,,0,8705.3203125,146,21000,146,,,0,8705.3203125,,,0,,,0,8705.3203125,,,0,,,0
SSC,,,400,,,0,78,400,1140,250,183,250,183,,,0,224,,,0,,,0,250,6,265,1175,,,0,224,,,0,,,0,380,10,380,510,75,300,75
SSL,,,25000,3,30000,5,1,25000,1,40000,7,40000,8,,,0,18181.990234375,,,0,,,0,40000,5,40000,6,,,0,18181.990234375,,,0,,,0,30000,,,0,,,0
STL,,,2405.93994140625,,,0,,,0,1152,46,1350,219,44,1180,782,800,,,0,,,0,1149.1099853515625,18,1150,702,12,900,431,900,,,0,,,0,1200,18,1899.949951171875,160,88,1200,544
STR,1000,,1749,2,1650,150,20,1001,120,2197.3798828125,18,2250,86,118,1500,268,1491.9300537109375,,,0,,,0,1390.3800048828125,16,1789.989990234375,94,100,1000,100,1491.9300537109375,,,0,,,0,1800,2,1999.989990234375,46,100,1000,100
STS,,,96213.09375,,,0,,,0,96213.09375,,,0,,,0,96213.09375,,,0,,,0,140000,1,140000,1,1,40000,1,96213.09375,,,0,,,0,96213.09375,,,0,,,0
SU,,,111117.921875,,,0,,,0,111117.921875,,,0,,,0,111117.921875,,,0,,,0,111117.921875,,,0,,,0,111117.921875,,,0,,,0,111117.921875,,,0,,,0
SUD,75000,,76000,9,76000,15,10,75001,110,75000,,,0,5,75150,105,37986.578125,,,0,,,0,75000,,,0,10,75001,110,37986.578125,,,0,,,0,75000,,,0,100,75000,100
SUN,,,350,,,0,990,300,1090,460,40,460,40,20,220.00999450683594,410,307.9100036621094,,,0,,,0,484.6600036621094,170,500,170,100,170,100,300,310,300,310,,,0,358.9800109863281,60,369,90,,,0
SWF,,,105,150,100,590,,,0,90,,,0,10,57.29999923706055,667,81.31999969482422,,,0,,,0,90,80,90,6307,50,57.36000061035156,150,110,,,0,100,110,100,120,318,120,614,4,100,87
TA,,,13000,2,13000,47,10,11000,15,17000,3,17000,5,1,11000,1,6474.83984375,,,0,,,0,12500,12,16600,51,5,11500,7,6474.83984375,,,0,,,0,11000,13,12995,13,3,12000.009765625,14
TAC,,,92085.1328125,,,0,,,0,92085.1328125,,,0,,,0,92085.1328125,,,0,,,0,92085.1328125,,,0,,,0,92085.1328125,,,0,,,0,92085.1328125,,,0,,,0
TAI,,,550,60,500,230,32,325,132,550,120,550,585,20,300,150,121.01000213623047,,,0,,,0,200,2,200,494,,,0,121.01000213623047,,,0,,,0,425,4,425,318,168,150.02000427246094,178
TC,,,9000,3,14000,4,1,9000,1,10000,1,10000,1,,,0,3861.31005859375,,,0,,,0,6000,,,0,16,3000,16,3861.31005859375,,,0,,,0,3861.31005859375,,,0,,,0
TCB,,,37500,1,37500,1,,,0,9675.330078125,1,12000,1,,,0,9675.330078125,,,0,,,0,13000,12,11000,12,,,0,9675.330078125,,,0,,,0,9675.330078125,,,0,,,0
TCL,,,5741,8,5741,50,8,2000,626,1510,33,1500,112,100,600,100,1926.6600341796875,,,0,,,0,2169,150,2169,327,21,1800,21,1926.6600341796875,,,0,,,0,2000,9,2194.989990234375,9,45,1600,52
TCO,,,880,20,1098,84,20,515,579,1300,,,0,20,1000,20,700,,,0,,,0,1088.780029296875,20,1088.780029296875,768,,,0,500,18,700,68,,,0,1000,,,0,,,0
TCS,,,8747.5498046875,8,9500,15,,,0,4741.83984375,12,5500,66,10,4000,10,2199.889892578125,,,0,,,0,4001,53,5250,83,44,4000,60,2199.889892578125,,,0,,,0,8000,50,7500,50,,,0
TCU,,,90000,,,0,,,0,70671.4296875,,,0,,,0,70671.4296875,,,0,,,0,70671.4296875,,,0,,,0,70671.4296875,,,0,,,0,70671.4296875,,,0,1,70671.4296875,1
THF,,,400,976,400,3671,265,251,265,264,60,264,1646,160,200,755,526.77001953125,,,0,,,0,240,1487,240,4026,200,171,600,280,100,260,100,,,0,250,10,250,311,10,200,10
THP,,,3350,22,3350,22,28,3000,28,2391.639892578125,,,0,40,3300,40,2391.639892578125,,,0,,,0,3000,,,0,10,3000,10,2391.639892578125,,,0,,,0,3350,12,3350,12,,,0
TI,,,795,8,795,1290,6,544,603,997.6900024414062,50,750,181,,,0,830.9000244140625,,,0,,,0,500,1,500,3190,15,300,15,2250,,,0,,,0,1000,119,844,1310,,,0
TIO,74,,74.80000305175781,1287,87,11049,2000,75,2100,100,60,245,60,39,75,139,74.80999755859375,,,0,,,0,119,480,120,22042,199,82,1599,74.80999755859375,,,0,,,0,74,653,99,2841,100,74,100
TK,,,18000,,,0,,,0,20480.099609375,,,0,,,0,20480.099609375,,,0,,,0,15000,,,0,,,0,20480.099609375,,,0,,,0,20480.099609375,,,0,,,0
TPU,,,1500,,,0,,,0,1790,,,0,,,0,1184.77001953125,,,0,,,0,1800,,,0,,,0,1184.77001953125,,,0,,,0,2800,1,2800,11,,,0
TRA,,,870.27001953125,14,900,44,,,0,900,,,0,30,900,30,850.7100219726562,,,0,,,0,1225,6,1100,28,,,0,850.7100219726562,,,0,,,0,2000,10,2500,10,,,0
TRN,,,350,415,772.6400146484375,415,1000,350,1659,450,22,500,22,900,350,1615,189.47000122070312,,,0,,,0,480,,,0,1000,350,1786,189.47000122070312,,,0,,,0,250,297,250,397,4,200,80
TRU,,,229,16,229,1727,4,200.00999450683594,1653,250,101,250,1248,10,171,305,225,,,0,,,0,151.0800018310547,300,280,997,,,0,350,60,350,84,1,62.5,1,296.989990234375,36,296.989990234375,481,8,176,285
TS,,,100,,,0,120,50,120,105,,,0,30,110,130,74.80999755859375,,,0,,,0,125,16,125,16,146,99.01000213623047,500,74.80999755859375,,,0,,,0,145,200,144.97999572753906,299,100,100,310
TSH,,,32000,5,31900,6,10,21000,13,28814.490234375,11,30000,11,,,0,16496.119140625,,,0,,,0,25000,2,50000,7,1,30000,78,16496.119140625,,,0,,,0,39500,5,40000,5,2,30017,7
TUB,,,197.75999450683594,200,200,200,150,100,150,165,500,165,500,80,125,80,167.9499969482422,,,0,,,0,125,60,230,700,979,125,979,120,,,0,,,0,250,20,199.97999572753906,1040,,,0
UTS,2200,,4500,,,0,4,5000,1166,2201,,,0,11,2201,111,3426.780029296875,,,0,,,0,3850,80,4000,163,8,3333,920,3426.780029296875,,,0,,,0,4999,23,4999,75,8,2500,108
VCB,,,400000,,,0,,,0,327870.03125,,,0,,,0,327870.03125,,,0,,,0,327870.03125,,,0,,,0,327870.03125,,,0,,,0,327870.03125,,,0,,,0
VEG,88,,100,105,145,432,422,100,965,92,5,149.9499969482422,95,500,91,985,100,51,100,51,,,0,150,951,160,965,1012,150,3249,100,,,0,,,0,130,92,130,303,80,103.01000213623047,2262
VG,,,9699.6904296875,47,9699.6904296875,161,10,4100,140,3500,28,11250,28,13,3502.080078125,213,2500,,,0,,,0,9000,20,9000,30,4,5000,355,2500,,,0,,,0,8866.8798828125,100,8811.8798828125,216,10,3661.02001953125,181
VIT,,,555.5499877929688,,,0,100,50,100,499,298,499,298,30,350,30,337.3299865722656,,,0,,,0,500,,,0,30,350,70,337.3299865722656,,,0,,,0,633.3599853515625,19,633.3599853515625,33,30,350,70
VSC,,,40000,1,40000,1,,,0,20000,,,0,,,0,16575.669921875,,,0,,,0,44000,,,0,,,0,16575.669921875,,,0,,,0,16575.669921875,,,0,,,0
W,,,13995,50,15000,50,50,13995,58,11687.5,3,12000,3,,,0,6255.1201171875,,,0,,,0,18000,3,17900,70,,,0,6255.1201171875,,,0,,,0,15000,12,14750,17,,,0
WAI,,,99000,3,99000,7,10,70000,20,90000,,,0,,,0,52242.44921875,,,0,,,0,82000,2,82000,53,10,70000,10,52242.44921875,,,0,,,0,100000,11,100000,11,,,0
WAL,,,5000,,,0,,,0,4000,30,4000,40,,,0,2803.2900390625,,,0,,,0,6000,8,5995,86,,,0,2803.2900390625,,,0,,,0,6000,1,6000,1,,,0
WCB,,,300000,2,400000,2,,,0,250000,,,0,1,250000,1,329430.03125,,,0,,,0,290000,1,375000,19,,,0,329430.03125,,,0,,,0,325000,2,400000,2,,,0
WIN,,,4250,,,0,4,3800,14,3729.909912109375,30,5000,30,,,0,2950.47998046875,,,0,,,0,5000,30,4500,80,14,2750,104,2950.47998046875,100,5000,100,,,0,4700,17,4700,69,4,3200,132
WM,,,6845.89990234375,,,0,,,0,5000,,,0,,,0,6845.89990234375,,,0,,,0,12000,16,10000,63,,,0,6845.89990234375,,,0,,,0,6845.89990234375,,,0,,,0
WOR,,,85079.6328125,1,75000,1,,,0,85079.6328125,,,0,,,0,85079.6328125,,,0,,,0,85000,,,0,8,85000,8,85079.6328125,,,0,,,0,85079.6328125,2,212000,2,,,0
WR,50000,,78600.953125,,,0,100,50000,100,50001,,,0,1,50000.01171875,101,78600.953125,,,0,,,0,50000,,,0,100,50000,100,78600.953125,,,0,,,0,78600.953125,,,0,100,50000,100
WS,,,4200,1,4399.9501953125,49,5,3100.010009765625,21,5000,21,5000,21,15,2000,15,2609.800048828125,,,0,,,0,4750,25,4750,25,8,2875,32,2609.800048828125,,,0,,,0,2001,17,5750,22,6,2001,41
ZIR,,,1000,56,1200,56,50,400,50,941.0700073242188,40,800,267,206,350,206,117.55000305175781,,,0,,,0,450,1792,450,3804,206,350,206,117.55000305175781,,,0,,,0,1000,52,1000,52,20,550,20
ZR,,,11000,9,12500,12,16,11000,29,10125,100,11000,100,,,0,5988.47998046875,,,0,,,0,10000,9,9500,21,40,6000,40,5988.47998046875,,,0,,,0,12000,10,20000,10,,,0
